10
2 3 3 3 3 3 3 1 1 1
2 5 4 2 4 5 3 1 1 1
0 52.767 39.697 532.768 47.901 52.936 47.034 380.502 745.32 78.56
52.767 0 67.734 76.192 42.079 35.14 78.757 428.045 119.405 78.785
39.697 67.734 0 369.387 46.766 82.039 42.99 31.635 955.727 57.244
532.768 76.192 369.387 0 37.568 80.671 777.96 350.606 86.096 35.198
47.901 42.079 46.766 37.568 0 52.168 79.432 16.354 102.063 39.76
52.936 35.14 82.039 80.671 52.168 0 93.379 57.393 99.644 90.897
47.034 78.757 42.99 777.96 79.432 93.379 0 635.913 104.669 99.145
380.502 428.045 31.635 350.606 16.354 57.393 635.913 0 99.465 44.516
745.32 119.405 955.727 86.096 102.063 99.644 104.669 99.465 0 1191.767
78.56 78.785 57.244 35.198 39.76 90.897 99.145 44.516 1191.767 0
