20
2 3 3 3 3 3 3 3 3 3 1 1 1 1 1 1 1 1 1 1 
2 2 4 4 2 3 3 4 4 3 1 1 1 1 1 1 1 1 1 1
0 43.771 96.393 67.647 44.793 37.502 83.138 98.811 85.488 53.664 524.469 1017.571 91.14 82.937 99.36 3052.006 1071.647 50.717 56.833 484.911
43.771 0 63.147 465.802 59.939 445.214 607.388 566.788 438.943 44.94 589.559 633.034 49.35 47.948 62.562 55.716 665.375 417.171 45.831 19.422
96.393 63.147 0 34.109 117.007 79.525 33.249 33.674 432.728 106.026 813.862 68.909 30.818 63.79 86.409 108.899 27.947 950.135 54.882 78.998
67.647 465.802 34.109 0 92.222 48.681 202.056 54.064 54.66 91.221 602.867 75.464 47.624 61.067 89.679 80.338 56.353 757.405 35.519 65.819
44.793 59.939 117.007 92.222 0 502.376 101.26 1092.518 1017.141 48.088 95.745 93.724 1036.41 76.213 86.32 203.863 1220.177 28.441 94.105 54.628
37.502 445.214 79.525 48.681 502.376 0 56.534 84.961 82.063 71.742 69.508 83.462 78.551 62.706 89.829 35.176 94.177 450.872 59.762 56.785
83.138 607.388 33.249 202.056 101.26 56.534 0 54.542 64.126 104.561 80.074 72.165 50.584 59.49 91.4 90.321 56.686 82.92 55.374 789.398
98.811 566.788 33.674 54.064 1092.518 84.961 54.542 0 265.973 90.805 94.783 42.28 8.337 448.326 56.776 1070.71 15.555 83.059 706.636 65.563
85.488 438.943 432.728 54.66 1017.141 82.063 64.126 265.973 0 74.92 76.733 57.212 21.106 55.194 60.953 99.335 30.816 78.438 56.642 50.662
53.664 44.94 106.026 91.221 48.088 71.742 104.561 90.805 74.92 0 84.786 83.503 85.228 72.357 67.568 56.847 102.437 41.252 834.424 27.06
524.469 589.559 813.862 602.867 95.745 69.508 80.074 94.783 76.733 84.786 0 117.961 865.691 1030.417 119.985 819.241 954.831 92.194 26.689 70.492
1017.571 633.034 68.909 75.464 93.724 83.462 72.165 42.28 57.212 83.503 117.961 0 44.995 20.892 26.776 97.886 56.992 65.393 966.745 64.826
91.14 49.35 30.818 47.624 1036.41 78.551 50.584 8.337 21.106 85.228 865.691 44.995 0 43.932 57.788 1006.66 18.557 78.283 62.635 59.357
82.937 47.948 63.79 61.067 76.213 62.706 59.49 448.326 55.194 72.357 1030.417 20.892 43.932 0 35.092 78.308 59.806 48.41 82.776 52.212
99.36 62.562 86.409 89.679 86.32 89.829 91.4 56.776 60.953 67.568 119.985 26.776 57.788 35.092 0 94.991 71.569 59.24 102.913 55.893
3052.006 55.716 108.899 80.338 203.863 35.176 90.321 1070.71 99.335 56.847 819.241 97.886 1006.66 78.308 94.991 0 118.273 36.562 81.271 56.628
1071.647 665.375 27.947 56.353 1220.177 94.177 56.686 15.555 30.816 102.437 954.831 56.992 18.557 59.806 71.569 118.273 0 96.79 70.863 76.837
50.717 417.171 950.135 757.405 28.441 450.872 82.92 83.059 78.438 41.252 92.194 65.393 78.283 48.41 59.24 36.562 96.79 0 83.412 36.78
56.833 45.831 54.882 35.519 94.105 59.762 55.374 706.636 56.642 834.424 26.689 966.745 62.635 82.776 102.913 81.271 70.863 83.412 0 620.893
484.911 19.422 78.998 65.819 54.628 56.785 789.398 65.563 50.662 27.06 70.492 64.826 59.357 52.212 55.893 56.628 76.837 36.78 620.893 0
