20
2 2 2 3 3 3 3 3 3 1 1 1 1 1 1 1 1 1 1 1 
2 2 1 3 3 4 3 2 3 1 1 1 1 1 1 1 1 1 1 1
0 67.023 69.227 603.927 33.113 69.804 53.315 48.513 56.653 24.807 49.836 74.607 618.67 77.973 299.965 40.494 32.095 531.985 89.562 19.454
67.023 0 14.906 29.724 89.554 79.117 46.913 23.141 80.888 51.638 91.219 62.51 591.092 47.609 82.208 87.74 90.384 65.226 7781.271 61.989
69.227 14.906 0 40.576 88.374 67.632 56.357 224.343 91.054 579.322 959.786 579.294 70.85 377.641 79.014 943.021 88.517 56.171 719.383 68.256
603.927 29.724 40.576 0 90.505 90.508 18.894 307.701 55.656 46.85 687.544 55.515 561.933 55.145 80.188 67.067 89.959 712.92 71.756 51.924
33.113 89.554 88.374 90.505 0 679.073 859.261 71.601 86.714 49.537 76.207 9793.119 81.303 97.228 29.096 66.562 9.915 60.698 110.866 47.467
69.804 79.117 67.632 90.508 679.073 0 94.449 613.96 118.01 80.776 1003.177 66.494 11320.699 56.108 505.756 103.761 63.261 220.643 72.406 850.532
53.315 46.913 56.357 18.894 859.261 94.449 0 40.496 38.652 44.07 51.334 56.932 58.036 64.582 74.729 50.369 84.545 73.393 72.903 441.958
48.513 23.141 224.343 307.701 71.601 613.96 40.496 0 72.623 40.611 74.208 48.523 62.985 38.621 60.203 72.715 70.764 44.47 64.841 488.022
56.653 80.888 91.054 55.656 86.714 118.01 38.652 72.623 0 51.849 390.842 88.065 60.928 1002.375 82.05 28.159 86.105 97.055 102.619 43.55
24.807 51.638 579.322 46.85 49.537 80.776 44.07 40.611 51.849 0 61.612 79.142 37.93 77.626 52.424 484.923 52.283 64.373 95.856 13.039
49.836 91.219 959.786 687.544 76.207 1003.177 51.334 74.208 390.842 61.612 0 72.958 882.309 91.842 61.745 22.21 71.295 79.722 84.153 51.022
74.607 62.51 579.294 55.515 9793.119 66.494 56.932 48.523 88.065 79.142 72.958 0 1057.506 283.162 73.427 85.066 92.31 49.109 17.156 80.644
618.67 591.092 70.85 561.933 81.303 11320.699 58.036 62.985 60.928 37.93 882.309 1057.506 0 1007.864 89.953 71.692 86.563 98.269 122.891 44.625
77.973 47.609 377.641 55.145 97.228 56.108 64.582 38.621 1002.375 77.626 91.842 283.162 1007.864 0 77.09 98.687 93.477 43.972 37.2 83.425
299.965 82.208 79.014 80.188 29.096 505.756 74.729 60.203 82.05 52.424 61.745 73.427 89.953 77.09 0 60.775 20.609 387.604 84.6 494.297
40.494 87.74 943.021 67.067 66.562 103.761 50.369 72.715 28.159 484.923 22.21 85.066 71.692 98.687 60.775 0 64.294 83.981 98.678 36.167
32.095 90.384 88.517 89.959 9.915 63.261 84.545 70.764 86.105 52.283 71.295 92.31 86.563 93.477 20.609 64.294 0 553.509 104.437 49.132
531.985 65.226 56.171 712.92 60.698 220.643 73.393 44.47 97.055 64.373 79.722 49.109 98.269 43.972 387.604 83.981 553.509 0 58.337 67.554
89.562 7781.271 719.383 71.756 110.866 72.406 72.903 64.841 102.619 95.856 84.153 17.156 122.891 37.2 84.6 98.678 104.437 58.337 0 96.889
19.454 61.989 68.256 51.924 47.467 850.532 441.958 488.022 43.55 13.039 51.022 80.644 44.625 83.425 494.297 36.167 49.132 67.554 96.889 0
