10
2 3 3 3 1 1 1 1 1 1
3 2 4 5 1 1 1 1 1 1
0 84.268 73.897 85.228 73.617 86.248 131.167 869.518 80.32 68.556
84.268 0 99.922 112.734 614.332 103.629 97.911 53.034 90.969 78.07
73.897 99.922 0 189.796 51.202 25.422 82.023 688.035 93.243 22.503
85.228 112.734 189.796 0 57.119 15.832 80.402 74.43 105.27 364.4
73.617 614.332 51.202 57.119 0 44.807 58.555 192.239 52.836 32.613
86.248 103.629 25.422 15.832 44.807 0 66.747 60.98 956.836 32.23
131.167 97.911 82.023 80.402 58.555 66.747 0 52.452 911.613 706.779
869.518 53.034 688.035 74.43 192.239 60.98 52.452 0 44.505 48.904
80.32 90.969 93.243 105.27 52.836 956.836 911.613 44.505 0 71.357
68.556 78.07 22.503 364.4 32.613 32.23 706.779 48.904 71.357 0
