20
2 2 3 3 3 3 3 3 3 3 3 3 3 3 1 1 1 1 1 1 
1 3 3 2 2 2 4 4 3 4 4 2 3 4 1 1 1 1 1 1
0 81.199 51.55 71.667 41.766 35.772 66.238 537.845 100.752 879.108 76.454 487.347 1023.289 100.39 112.292 435.648 58.01 109.633 62.713 70.237
81.199 0 835.824 689.259 77.341 57.678 774.909 61.8 591.236 103.513 22.54 42.46 28.518 105.681 85.043 66.869 72.628 52.365 87.26 64.741
51.55 835.824 0 52.313 11.951 58.763 260.219 80.586 69.617 439.462 91.832 76.52 105.641 60.375 81.759 70.034 31.608 96.061 12.813 36.548
71.667 689.259 52.313 0 46.743 48.795 31.049 59.06 710.837 46.328 82.565 73.231 77.386 44.385 42.353 92.805 21.083 559.408 58.846 259.533
41.766 77.341 11.951 46.743 0 47.108 271.049 689.718 723.016 487.316 84.139 667.102 98.766 631.535 81.02 63.93 26.396 91.516 24.285 35.568
35.772 57.678 58.763 48.795 47.108 0 58.672 225.954 88.601 82.693 56.621 32.85 72.309 88.788 88.308 56.941 457.671 785.07 69.767 560.984
66.238 774.909 260.219 31.049 271.049 58.672 0 76.888 610.845 27.886 90.648 798.302 943.15 38.551 56.027 85.085 15.345 76.096 29.148 154.371
537.845 61.8 80.586 59.06 689.718 225.954 76.888 0 103.039 99.166 57.906 37.677 68.1 101.955 95.099 71.644 62.786 78.501 915.103 72.441
100.752 591.236 69.617 710.837 723.016 88.601 610.845 103.039 0 78.332 78.022 87.665 76.286 816.411 68.985 906.059 68.753 655.03 64.168 50.025
879.108 103.513 439.462 46.328 487.316 82.693 27.886 99.166 78.332 0 117.937 106.941 1175.318 19.397 57.43 111.145 37.33 91.924 432.673 388.206
76.454 22.54 91.832 82.565 84.139 56.621 90.648 57.906 78.022 117.937 0 30.101 39.531 121.998 104.91 56.581 83.972 72.032 97.098 80.119
487.347 42.46 76.52 73.231 667.102 32.85 798.302 37.677 87.665 106.941 30.101 0 607.378 113.568 106.045 40.329 705.451 83.31 84.796 73.625
1023.289 28.518 105.641 77.386 98.766 72.309 943.15 68.1 76.286 1175.318 39.531 607.378 0 115.24 85.513 92.699 87.785 418.718 109.884 80.313
100.39 105.681 60.375 44.385 631.535 88.788 38.551 101.955 816.411 19.397 121.998 113.568 115.24 0 43.532 12341.27 44.567 84.197 60.309 43.719
112.292 85.043 81.759 42.353 81.02 88.308 56.027 95.099 68.985 57.43 104.91 106.045 85.513 43.532 0 126.089 57.042 46.782 82.326 47.306
435.648 66.869 70.034 92.805 63.93 56.941 85.085 71.644 906.059 111.145 56.581 40.329 92.699 12341.27 126.089 0 81.081 111.78 75.666 83.374
58.01 72.628 31.608 21.083 26.396 457.671 15.345 62.786 68.753 37.33 83.972 705.451 87.785 44.567 57.042 81.081 0 71.986 39.453 197.793
109.633 52.365 96.061 559.408 91.516 785.07 76.096 78.501 655.03 91.924 72.032 83.31 418.718 84.197 46.782 111.78 71.986 0 986.797 615.615
62.713 87.26 12.813 58.846 24.285 69.767 29.148 915.103 64.168 432.673 97.098 84.796 109.884 60.309 82.326 75.666 39.453 986.797 0 38.686
70.237 64.741 36.548 259.533 35.568 560.984 154.371 72.441 50.025 388.206 80.119 73.625 80.313 43.719 47.306 83.374 197.793 615.615 38.686 0
