40
2 2 2 2 2 2 2 3 3 3 3 3 3 3 3 3 3 3 3 3 3 3 3 1 1 1 1 1 1 1 1 1 1 1 1 1 1 1 1 1 
3 1 3 3 1 2 3 4 2 2 2 4 4 4 2 2 3 2 3 2 4 4 2 1 1 1 1 1 1 1 1 1 1 1 1 1 1 1 1 1
0 34.741 100.905 54.328 65.27 42.933 47.489 82.061 96.461 43.461 17.614 65.882 75.188 89.878 54.654 91.097 78.904 56.431 706.935 54.009 38.745 97.133 451.055 354.092 52.64 13.788 72.504 43.001 92.572 73.932 54.228 77.727 85.213 93.508 61.64 63.06 63.909 91.197 66.291 50.693
34.741 0 100.513 67.136 73.539 458.293 41.611 79.403 108.272 13.526 38.126 54.567 74.371 80.252 73.952 96.906 82.19 74.325 76.514 32.227 198.215 94.173 78.522 17.272 64.906 32.675 79.662 70.453 98.999 675.806 432.576 48.491 68.989 886.959 44.602 60.926 70.115 97.439 74.114 463.579
100.905 100.513 0 51.213 90.005 1220.865 120.906 21.501 66.379 95.489 83.553 75.04 745.179 73.234 60.539 28.422 49.243 86.769 31.917 964.663 98.608 36.479 103.456 941.751 622.388 105.074 62.454 926.374 37.253 37.841 68.434 1211.266 501.531 56.516 7323.607 398.925 63.502 640.261 87.631 1086.955
54.328 67.136 51.213 0 57.356 84.245 864.368 384.806 631.816 67.67 37.337 626.01 63.803 757.926 15.939 43.281 39.247 45.735 20.797 50.929 67.552 540.326 53.4 601.185 21.657 61.282 40.048 43.411 483.326 38.508 457.033 99.954 60.008 66.938 56.122 27.225 44.457 62.775 56.095 72.961
65.27 73.539 90.005 57.356 0 106.663 108.248 79.543 120.393 81.595 60.2 1029.136 114.064 122.379 66.811 960.833 425.745 22.033 71.682 654.101 876.717 65.103 69.489 57.118 357.423 78.145 29.256 44.258 103.315 62.453 46.674 82.671 766.986 117.742 52.898 670.073 97.615 119.455 2.791 40.543
42.933 458.293 1220.865 84.245 106.663 0 11.333 101.86 102.364 46.474 511.523 59.766 67.837 81.48 82.415 107.802 113.698 98.856 94.17 42.071 335.065 126.737 769.107 60.173 90.061 29.238 110.707 83.69 105.823 98.769 827.612 903.634 1038.186 93.025 86.993 849.984 68.171 92.39 107.491 84.299
47.489 41.611 120.906 864.368 108.248 11.333 0 100.16 104.98 40.041 54.378 54.937 664.044 77.004 86.416 108.302 113.796 102.408 946.766 458.806 27.608 1251.965 85.043 57.648 92.105 34.12 1117.785 89.36 1065.284 96.474 802.301 83.848 99.059 90.268 831.891 83.612 690.475 93.243 108.954 83.792
82.061 79.403 21.501 384.806 79.543 101.86 100.16 0 63.798 74.034 651.017 55.882 59.61 592.539 49.964 29.626 44.251 765.883 20.204 77.341 772.349 38.139 91.379 74.169 50.354 85.382 55.743 80.606 369.715 222.281 50.598 102.483 36.126 46.582 55.718 19.476 48.668 57.302 77.498 91.85
96.461 108.272 66.379 631.816 120.393 102.364 104.98 63.798 0 102.929 81.932 69.56 47.991 624.484 55.703 38.247 94.386 106.188 54.524 925.453 96.755 96.416 89.015 1100.418 84.684 95.182 100.023 956.973 29.199 82.492 100.182 148.391 96.71 47.841 108.189 67.395 390.511 19.357 119.12 131.615
43.461 13.526 95.489 67.67 81.595 46.474 40.041 74.034 102.929 0 42.988 43.421 653.805 68.681 74.955 918 837.082 82.229 73.558 39.788 13.918 92.52 855.641 26.627 68.797 38.998 83.52 78.487 93.326 64.276 445.865 51.772 630.385 78.679 44.882 569.24 64.09 90.263 81.778 57.458
17.614 38.126 83.553 37.337 60.2 511.523 54.378 651.017 81.932 42.988 0 56.008 63.832 78.332 38.984 73.711 64.99 50.153 53.101 13.65 39.55 82.068 43.516 36.095 391.738 24.584 60.552 38.638 75.636 58.722 44.536 80.66 722.62 79.178 53.559 465.223 49.964 76.94 60.517 543.96
65.882 54.567 75.04 626.01 1029.136 59.766 54.937 55.882 69.56 43.421 56.008 0 256.376 2587.474 669.533 64.715 87.101 98.245 58.047 60.674 3971.079 88.924 932.426 62.856 75.984 595.343 92.238 91.73 62.817 60.354 62.584 90.037 60.511 37.792 65.338 46.905 340.295 528.522 102.176 931.294
75.188 74.371 745.179 63.803 114.064 67.837 664.044 59.61 47.991 653.805 63.832 256.376 0 23.678 62.915 55.709 94.722 105 57.502 70.323 58.42 96.706 91.276 81.814 82.192 688.646 100.069 949.699 50.229 71.366 79.709 114.152 76.828 28.162 84.773 54.979 20.98 30.634 113.215 110.377
89.878 80.252 73.234 757.926 122.379 81.48 77.004 592.539 624.484 68.681 78.332 2587.474 23.678 0 789.775 615.012 991.208 117 649.555 84.656 65.297 95.732 1110.11 875.965 92.47 83.69 1069.194 110.9 57.307 70.934 82.157 112.106 69.594 20.759 84.526 58.651 40.01 43.252 1212.552 117.064
54.654 73.952 60.539 15.939 66.811 82.415 86.416 49.964 55.703 74.955 38.984 669.533 62.915 789.775 0 45.521 53.096 50.806 302.113 51.858 71.985 68.205 43.887 690.791 32.645 60.756 52.086 41.346 48.119 53.839 59.785 111.434 748.442 69.838 70.4 40.483 420.928 58.646 659.316 820.703
91.097 96.906 28.422 43.281 960.833 107.802 108.302 29.626 38.247 918 73.711 64.715 55.709 615.012 45.521 0 61.928 86.791 25.322 86.677 90.818 59.221 89.004 93.848 62.029 93.435 71.135 85.036 98.613 500.923 749.065 127.949 65.503 43.081 82.046 404.459 42.526 38.562 94.202 1120.742
78.904 82.19 49.243 39.247 425.745 113.698 113.796 44.251 94.386 837.082 64.99 87.101 94.722 991.208 53.096 61.928 0 44.944 41.184 76.232 89.648 24.796 81.181 6885.64 28.934 88.477 14.784 60.773 70.915 315.644 42.139 95.867 50.589 89.22 48.831 409.56 78.56 93.495 39.947 70.05
56.431 74.325 86.769 45.735 22.033 98.856 102.408 765.883 106.188 82.229 50.153 98.245 105 117 50.806 86.791 44.944 0 63.66 56.871 849.258 69.687 49.219 605.637 26.55 69.724 311.16 24.112 92.967 64.49 53.11 95.275 83.006 111.186 62.273 63.608 86.617 107.631 22.436 51.117
706.935 76.514 31.917 20.797 71.682 94.17 946.766 20.204 54.524 73.558 53.101 58.047 57.502 649.555 302.113 25.322 41.184 63.66 0 66.451 743.054 45.608 72.848 709.396 37.766 75.233 486.998 64.107 32.202 3081.264 51.256 106.251 51.018 52.322 59.569 19.736 40.637 52.319 69.905 87.025
54.009 32.227 964.663 50.929 654.101 42.071 458.806 77.341 925.453 39.788 13.65 60.674 70.323 84.656 51.858 86.677 76.232 56.871 66.451 0 35.014 93.609 46.898 33.404 50.532 131.491 70.724 442.654 88.106 696.508 50.912 76.518 807.11 88.273 58.397 58.342 59.202 86.693 66.224 51.58
38.745 198.215 98.608 67.552 876.717 335.065 27.608 772.349 96.755 13.918 39.55 3971.079 58.42 65.297 71.985 90.818 89.648 849.258 743.054 35.014 0 995.438 80.097 34.98 71.52 305.178 889.885 77.187 91.042 70.721 53.807 643.541 72.132 76.146 56.129 60.072 57.895 84.318 87.969 65.223
97.133 94.173 36.479 540.326 65.103 126.737 1251.965 38.139 96.416 92.52 82.068 88.924 96.706 95.732 68.205 59.221 24.796 69.687 45.608 93.609 995.438 0 102.875 82.574 51.006 104.66 39.237 84.32 68.812 29.672 52.568 103.074 41.599 84.165 55.645 445.733 83.771 93.78 62.418 87.796
451.055 78.522 103.456 53.4 69.489 769.107 85.043 91.379 89.015 855.641 43.516 932.426 91.276 1110.11 43.887 89.004 81.181 49.219 72.848 46.898 80.097 102.875 0 74.423 53.344 53.61 72.245 2530.448 90.299 887.345 79.873 11772.738 107.929 1072.258 90.249 77.205 73.369 93.161 70.315 78.288
354.092 17.272 941.751 601.185 57.118 60.173 57.648 74.169 1100.418 26.627 36.095 62.856 81.814 875.965 690.791 93.848 6885.64 605.637 709.396 33.404 34.98 82.574 74.423 0 53.096 397.993 65.136 6121.994 975.359 58.896 30.396 446.565 62.344 92.648 32.509 55.526 73.929 10101.46 576.749 3136.923
52.64 64.906 622.388 21.657 357.423 90.061 92.105 50.354 84.684 68.797 391.738 75.984 82.192 92.47 32.645 62.029 28.934 26.55 37.766 50.532 71.52 51.006 53.344 53.096 0 63.171 22.791 339.163 684.627 40.449 37.519 904.977 61.09 85.434 48.105 37.531 64.074 84.195 3446.974 57.02
13.788 32.675 105.074 61.282 78.145 29.238 34.12 85.382 95.182 38.998 24.584 595.343 688.646 83.69 60.756 93.435 88.477 69.724 75.233 131.491 305.178 104.66 53.61 397.993 63.171 0 83.614 5553.714 936.783 79.174 608.173 79.429 88.319 89.863 67.153 66.76 60.888 88.13 79.041 60.335
72.504 79.662 62.454 40.048 29.256 110.707 1117.785 55.743 100.023 83.52 60.552 92.238 100.069 1069.194 52.086 71.135 14.784 311.16 486.998 70.724 889.885 39.237 72.245 65.136 22.791 83.614 0 49.753 79.449 42.149 429.13 94.078 60.951 983.031 50.673 483.938 82.777 100.086 26.703 61.475
43.001 70.453 926.374 43.411 44.258 83.69 89.36 80.606 956.973 78.487 38.638 91.73 949.699 110.9 41.346 85.036 60.773 24.112 64.107 442.654 77.187 84.32 2530.448 6121.994 339.163 5553.714 49.753 0 88.941 73.054 61.814 102.133 92.24 106.325 72.045 65.905 76.36 980.282 45.066 59.227
92.572 98.999 37.253 483.326 103.315 105.823 1065.284 369.715 29.199 93.326 75.636 62.817 50.229 57.307 48.119 98.613 70.915 92.967 32.202 88.106 91.042 68.812 90.299 975.359 684.627 936.783 79.449 88.941 0 57.644 80.901 132.406 71.865 38.473 88.059 46.054 38.461 29.515 1015.762 117.422
73.932 675.806 37.841 38.508 62.453 98.769 96.474 222.281 82.492 64.276 58.722 60.354 71.366 70.934 53.839 500.923 315.644 64.49 3081.264 696.508 70.721 29.672 887.345 58.896 40.449 79.174 42.149 73.054 57.644 0 31.137 83.933 231.362 63.412 35.434 18.296 60.136 756.032 60.415 72.982
54.228 432.576 68.434 457.033 46.674 827.612 802.301 50.598 100.182 445.865 44.536 62.584 79.709 82.157 59.785 749.065 42.139 53.11 51.256 50.912 53.807 52.568 79.873 30.396 37.519 608.173 429.13 61.814 80.901 31.137 0 569.968 37.135 81.446 11.013 3506.979 691.772 923.015 45.714 43.126
77.727 48.491 1211.266 99.954 82.671 903.634 83.848 102.483 148.391 51.772 80.66 90.037 114.152 112.106 111.434 127.949 95.867 95.275 106.251 76.518 643.541 103.074 11772.738 446.565 904.977 79.429 94.078 102.133 132.406 83.933 569.968 0 75.386 120.5 49.281 877.717 111.383 136.562 83.2 49.045
85.213 68.989 501.531 60.008 766.986 1038.186 99.059 36.126 96.71 630.385 722.62 60.511 76.828 69.594 748.442 65.503 50.589 83.006 51.018 807.11 72.132 41.599 107.929 62.344 61.09 88.319 60.951 92.24 71.865 231.362 37.135 75.386 0 66.199 34.347 35.157 71.5 86.14 74.846 78.638
93.508 886.959 56.516 66.938 117.742 93.025 90.268 46.582 47.841 78.679 79.178 37.792 28.162 20.759 69.838 43.081 89.22 111.186 52.322 88.273 76.146 84.165 1072.258 92.648 85.434 89.863 983.031 106.325 38.473 63.412 81.446 120.5 66.199 0 85.226 51.353 35.327 30.233 116.288 119.468
61.64 44.602 7323.607 56.122 52.898 86.993 831.891 55.718 108.189 44.882 53.559 65.338 84.773 84.526 70.4 82.046 48.831 62.273 59.569 58.397 56.129 55.645 90.249 32.509 48.105 67.153 50.673 72.045 88.059 35.434 11.013 49.281 34.347 85.226 0 420.657 763.955 99.04 51.982 446.218
63.06 60.926 398.925 27.225 670.073 849.984 83.612 19.476 67.395 569.24 465.223 46.905 54.979 58.651 40.483 404.459 409.56 63.608 19.736 58.342 60.072 445.733 77.205 55.526 37.531 66.76 483.938 65.905 46.054 18.296 3506.979 877.717 35.157 51.353 420.657 0 421.731 599.806 65.395 746.015
63.909 70.115 63.502 44.457 97.615 68.171 690.475 48.668 390.511 64.09 49.964 340.295 20.98 40.01 420.928 42.526 78.56 86.617 40.637 59.202 57.895 83.771 73.369 73.929 64.074 60.888 82.777 76.36 38.461 60.136 691.772 111.383 71.5 35.327 763.955 421.731 0 279.616 96.721 99.219
91.197 97.439 640.261 62.775 119.455 92.39 93.243 57.302 19.357 90.263 76.94 528.522 30.634 43.252 58.646 38.562 93.495 107.631 52.319 86.693 84.318 93.78 93.161 10101.46 84.195 88.13 100.086 980.282 29.515 756.032 923.015 136.562 86.14 30.233 99.04 599.806 279.616 0 1182.076 125.655
66.291 74.114 87.631 56.095 2.791 107.491 108.954 77.498 119.12 81.778 60.517 102.176 113.215 1212.552 659.316 94.202 39.947 22.436 69.905 66.224 87.969 62.418 70.315 576.749 3446.974 79.041 26.703 45.066 1015.762 60.415 45.714 83.2 74.846 116.288 51.982 65.395 96.721 1182.076 0 42.166
50.693 463.579 1086.955 72.961 40.543 84.299 83.792 91.85 131.615 57.458 543.96 931.294 110.377 117.064 820.703 1120.742 70.05 51.117 87.025 51.58 65.223 87.796 78.288 3136.923 57.02 60.335 61.475 59.227 117.422 72.982 43.126 49.045 78.638 119.468 446.218 746.015 99.219 125.655 42.166 0
