10
2 3 3 3 3 3 1 1 1 1
4 2 3 4 2 2 1 1 1 1
0 728.731 49.467 73.225 61.029 68.984 44.054 69.044 942.849 113.938
728.731 0 30.79 41.853 75.89 63.511 74.919 71.153 22.758 497.59
49.467 30.79 0 294.562 721.825 68.647 67.543 77.08 53.338 75.827
73.225 41.853 294.562 0 101.19 96.131 96.564 101.544 58.007 83.832
61.029 75.89 721.825 101.19 0 22.306 27.317 55.373 890.296 89.477
68.984 63.511 68.647 96.131 22.306 0 342.399 43.136 72.463 728.681
44.054 74.919 67.543 96.564 27.317 342.399 0 39.606 901.687 100.77
69.044 71.153 77.08 101.544 55.373 43.136 39.606 0 78.451 93.834
942.849 22.758 53.338 58.007 890.296 72.463 901.687 78.451 0 367.233
113.938 497.59 75.827 83.832 89.477 728.681 100.77 93.834 367.233 0
