20
2 2 2 3 3 3 3 3 3 3 3 3 1 1 1 1 1 1 1 1 
3 3 1 4 3 4 3 2 3 3 4 3 1 1 1 1 1 1 1 1
0 57.423 31.275 48.83 41.694 33.655 43.762 30.352 410.82 49.454 48.844 56.332 52.119 45.424 602.705 34.01 46.235 3977.653 51.694 63.25
57.423 0 60.199 869.067 98.749 82.639 72.265 70.351 73.678 67.077 476.412 73.811 8.343 52.257 42.032 449.428 18.768 75.493 55.591 98.218
31.275 60.199 0 456.141 56.693 27.115 59.379 60.421 18.519 380.857 636.083 26.364 58.266 21.491 728.505 57.454 4338.834 68.48 631.686 939.688
48.83 869.067 456.141 0 58.126 426.874 37.9 72.919 31.922 81.973 61.397 64.064 85.567 651.632 75.229 65.213 70.1 83.31 53.744 96.892
41.694 98.749 56.693 58.126 0 337.523 651.984 44.053 57.874 67.52 83.99 74.442 92.968 74.598 97.718 6934.207 87.243 49.021 84.237 61.971
33.655 82.639 27.115 426.874 337.523 0 61.949 56.12 26.925 47.195 764.148 41.865 789.495 45.942 88.781 667.482 67.328 63.556 7515.826 85.429
43.762 72.265 59.379 37.9 651.984 61.949 0 57.144 56.675 90.501 31.376 84.48 69.862 75.34 46.614 38.082 61.499 675.333 25.203 75.077
30.352 70.351 60.421 72.919 44.053 56.12 57.144 0 705.942 65.331 59.972 83.259 62.839 71.296 69.789 37.622 66.436 10.768 66.216 34.553
410.82 73.678 18.519 31.922 57.874 26.925 56.675 705.942 0 54.305 67.867 32.163 72.617 36.409 78.773 66.264 55.518 79.671 641.273 101.796
49.454 67.077 380.857 81.973 67.52 47.195 90.501 65.331 54.305 0 884.798 363.663 63.435 30.477 94.484 74.457 5807.659 68.08 92.249 97.989
48.844 476.412 636.083 61.397 83.99 764.148 31.376 59.972 67.867 884.798 0 87.183 46.342 71.379 15.537 23.934 43.085 68.767 12.006 80.127
56.332 73.811 26.364 64.064 74.442 41.865 84.48 83.259 32.163 363.663 87.183 0 73.43 21.892 94.383 82.116 57.965 89.819 86.406 1171.25
52.119 8.343 58.266 85.567 92.968 789.495 69.862 62.839 72.617 63.435 46.342 73.43 0 517.348 42.291 39.655 20.793 675.521 55.199 90.537
45.424 52.257 21.491 651.632 74.598 45.942 75.34 71.296 36.409 30.477 71.379 21.892 517.348 0 76.636 653.264 375.537 777.157 72.834 105.837
602.705 42.032 728.505 75.229 97.718 88.781 46.614 69.789 78.773 94.484 15.537 94.383 42.291 76.636 0 321.702 42.744 77.392 238.057 89.059
34.01 449.428 57.454 65.213 6934.207 667.482 38.082 37.622 66.264 74.457 23.934 82.116 39.655 653.264 321.702 0 42.368 45.57 332.475 60.256
46.235 18.768 4338.834 70.1 87.243 67.328 61.499 66.436 55.518 5807.659 43.085 57.965 20.793 375.537 42.744 42.368 0 73.452 47.866 97.373
3977.653 75.493 68.48 83.31 49.021 63.556 675.333 10.768 79.671 68.08 68.767 89.819 675.521 777.157 77.392 45.57 73.452 0 75.811 30.357
51.694 55.591 631.686 53.744 84.237 7515.826 25.203 66.216 641.273 92.249 12.006 86.406 55.199 72.834 238.057 332.475 47.866 75.811 0 86.43
63.25 98.218 939.688 96.892 61.971 85.429 75.077 34.553 101.796 97.989 80.127 1171.25 90.537 105.837 89.059 60.256 97.373 30.357 86.43 0
