40
2 2 2 2 2 3 3 3 3 3 3 3 3 3 3 3 3 3 3 3 3 3 3 1 1 1 1 1 1 1 1 1 1 1 1 1 1 1 1 1 
3 1 2 1 1 4 3 4 2 4 4 3 3 4 2 3 3 3 4 4 3 3 4 1 1 1 1 1 1 1 1 1 1 1 1 1 1 1 1 1
0 30.572 39.566 28.127 67.746 71.578 81.193 41.09 647.832 75.934 857.521 80.582 90.508 71.227 44.001 67.065 52.927 457.73 560.682 33.31 70.836 55.708 90.364 35.906 44.63 29.979 75.088 54.393 681.004 964.162 31.029 619.231 74.132 16.99 260.89 41.497 93.366 45.209 56.438 98.731
30.572 0 68.315 536.582 84.217 77.394 84.682 560.88 86.432 102.488 919.438 89.392 102.132 73.662 70.122 639.289 47.701 34.348 84.965 35.799 70.134 73.026 103.243 44.839 70.322 47.028 753.651 623.107 6707.455 114.586 287.688 815.394 81.754 14.695 19.929 61.93 725.525 45.759 57.487 102.084
39.566 68.315 0 249.413 464.025 83.818 97.472 580.783 38.041 40.415 87.853 886.579 85.372 839.932 46.057 93.312 78.276 67.843 18.21 56.259 881.893 49.067 816.83 55.415 363.557 54.596 75.578 64.2 76.233 800.353 65.803 380.556 64.645 5388.946 55.471 25.118 1247.788 58.928 67.172 96.045
28.127 536.582 249.413 0 51.901 60.202 74.261 37.574 40.204 50.562 67.537 66.758 6803.794 59.956 47.599 69.807 53.678 58.139 35.174 33.295 63.489 31.087 66.467 30.638 23.58 49.605 69.143 40.339 58.371 69.713 45.509 40.863 645.89 413.757 44.362 29.472 101.287 40.963 469.033 81.59
67.746 84.217 464.025 51.901 0 96.898 115.649 88.155 265.445 46.816 823.717 103.823 82.461 892.692 91.596 1141.812 89.441 63.73 48.496 66.55 95.996 55.484 74.839 72.807 68.664 93.485 42.077 716.458 593.076 78.613 89.817 16.009 24.384 73.163 65.607 26.971 128.919 527.637 591.753 69.499
71.578 77.394 83.818 60.202 96.898 0 20.402 40.199 80.152 90.615 37.428 14.091 43.001 16.924 85.966 35.203 33.523 90.303 86.747 47.645 176.146 439.282 51.089 364.83 537.647 85.013 97.129 26.329 613.984 62.278 54.393 84.218 102.456 75.986 80.487 84.045 71.636 6110.888 51.014 75.336
81.193 84.682 97.472 74.261 115.649 20.402 0 44.812 98.596 106.836 55.91 20.38 605.137 34.563 90.262 27.024 42.299 103.357 100.948 61.165 297.937 62.634 69.517 49.177 65.091 88.525 115.471 45.194 796.959 78.412 58.635 102.84 121.349 85.1 91.796 100.44 71.207 77.701 69.047 94.532
41.09 560.88 580.783 37.574 88.155 40.199 44.812 0 73.082 79.216 678.38 451.739 69.727 48.804 47.063 38.372 39.525 77.155 65.213 38.546 47.459 45.735 73.678 24.665 30.513 46.186 96.943 38.355 72.986 779.414 301.503 76.017 97.765 50.657 60.177 66.455 85.409 58.805 591.396 96.825
647.832 86.432 38.041 40.204 265.445 80.152 98.596 73.082 0 25.647 677.601 84.332 63.185 75.706 79.882 101.735 811.295 75.326 32.918 61.362 83.502 36.244 55.838 61.98 49.01 87.561 59.705 580.809 59.619 550.759 83.218 11.252 47.313 74.612 71.193 31.183 126.008 54.22 558.303 664.382
75.934 102.488 40.415 50.562 46.816 90.615 106.836 79.216 25.647 0 829.342 91.309 73.294 90.436 76.315 1124.795 97.245 96.377 245.036 79.065 98.177 49.483 66.557 75.775 49.603 91.697 847.641 733.602 83.596 566.635 95.552 34.664 70.416 89.301 88.73 47.791 145.014 768.461 78.137 87.744
857.521 919.438 87.853 67.537 823.717 37.428 55.91 678.38 677.601 829.342 0 42.086 18.909 26.752 1071.528 69.238 526.32 90.694 87.745 56.907 36.652 39.329 23.874 53.285 67.15 1075.913 79.338 32.541 43.558 44.865 780.153 71.439 85.102 890.859 879.589 80.372 84.747 56.357 410.446 40.97
80.582 89.392 886.579 66.758 103.823 14.091 20.38 451.739 84.332 91.309 42.086 0 42.114 28.931 884.836 430.691 47.198 102.882 89.109 59.767 30.903 48.703 51.129 47.164 554.902 913.348 107.922 36.986 72.741 58.289 64.797 89.978 111.66 86.946 92.171 91.675 83.605 73.104 62.807 82.295
90.508 102.132 85.372 6803.794 82.461 43.001 605.137 69.727 63.185 73.294 18.909 42.114 0 39.066 104.959 77.73 64.969 101.552 81.478 66.4 491.512 37.295 10.443 60.038 627.408 1103.053 88.291 404.107 57.092 26.982 86.103 695.561 899.759 97.018 96.879 81.693 101.661 67.041 53.573 49.662
71.227 73.662 839.932 59.956 892.692 16.924 34.563 48.804 75.706 90.436 26.752 28.931 39.066 0 93.377 428.046 28.669 81.164 87.979 417.028 10.434 41.163 45.841 35.594 59.509 89.747 840.628 199.903 46.415 62.185 558.75 78.226 91.532 73.104 74.852 79.168 64.504 50.269 377.913 60.85
44.001 70.122 46.057 47.599 91.596 85.966 90.262 47.063 79.882 76.315 1071.528 884.836 104.959 93.377 0 81.792 81.677 89.155 53.833 691.487 93.474 726.545 105.559 62.003 42.792 28.056 112.924 77.905 1039.474 102.683 57.958 82.023 106.663 59.101 69.635 66.763 1252.737 84.056 91.188 128.338
67.065 639.289 93.312 69.807 1141.812 35.203 27.024 38.372 101.735 1124.795 69.238 430.691 77.73 428.046 81.792 0 30.085 88.08 101.429 50.607 34.1 68.453 85.005 41.628 66.719 72.331 109.97 4791.964 77.911 95.74 38.565 103.502 1173.394 67.374 75.43 95.111 558.856 701.428 66.123 101.633
52.927 47.701 78.276 53.678 89.441 33.523 42.299 39.525 811.295 97.245 526.32 47.198 64.969 28.669 81.677 30.085 0 62.576 87.796 25.315 22.788 508.346 69.712 23.565 594.862 70.316 803.885 28.017 48.809 84.397 31.217 80.79 89.313 50.472 53.941 73.111 495.685 41.305 37.279 765.323
457.73 34.348 67.843 58.139 63.73 90.303 103.357 77.155 75.326 96.377 90.694 102.882 101.552 81.164 89.155 88.08 62.576 0 83.512 4345.949 81.048 73.038 99.657 58.011 806.168 717.155 45.398 67.922 53.145 112.632 56.845 669.362 53.643 3377.772 20.459 49.968 85.323 346.418 49.824 862.965
560.682 84.965 18.21 35.174 48.496 86.747 100.948 65.213 32.918 245.036 87.745 89.109 81.478 87.979 53.833 101.429 87.796 83.512 0 67.791 93.646 49.016 76.87 64.581 371.441 68.74 83.707 68.987 82.931 70.651 79.023 37.472 70.678 708.863 723.485 361.738 1360.189 69.609 747.168 96.525
33.31 35.799 56.259 33.295 66.55 47.645 61.165 38.546 61.362 79.065 56.907 59.767 66.4 417.028 691.487 50.607 25.315 4345.949 67.791 0 41.744 395.525 67.551 15.331 476.554 58.414 61.871 27.254 39.84 800.179 28.96 591.879 67.635 32.461 33.414 48.432 68.858 21.973 267.441 71.506
70.836 70.134 881.893 63.489 95.996 176.146 297.937 47.459 83.502 98.177 36.652 30.903 491.512 10.434 93.474 34.1 22.788 81.048 93.646 41.744 0 489.563 56.223 35.69 63.367 87.558 88.768 25.736 51.413 71.993 51.322 85.437 97.319 71.319 74.04 83.869 55.952 53.031 422.436 69.059
55.708 73.026 49.067 31.087 55.484 439.282 62.634 45.735 36.244 49.483 39.329 48.703 37.295 41.163 726.545 68.453 508.346 73.038 49.016 395.525 489.563 0 35.438 34.057 32.086 77.176 686.795 24.337 460.283 418.575 60.174 41.282 667.299 64.614 65.021 46.769 976.969 422.036 36.705 58.368
90.364 103.243 816.83 66.467 74.839 51.089 69.517 73.678 55.838 66.557 23.874 51.129 10.443 45.841 105.559 85.005 69.712 99.657 76.87 67.551 56.223 35.438 0 62.62 62.934 111.55 82.676 43.573 550.134 22.401 89.363 62.308 82.928 97.183 96.005 76.777 107.461 654.556 52.802 44.621
35.906 44.839 55.415 30.638 72.807 364.83 49.177 24.665 61.98 75.775 53.285 47.164 60.038 35.594 62.003 41.628 23.565 58.011 64.581 15.331 35.69 34.057 62.62 0 37.172 554.646 74.304 20.778 489.273 727.331 26.937 625.192 77.959 404.034 45.176 538.462 72.58 34.994 35.02 76.014
44.63 70.322 363.557 23.58 68.664 537.647 65.091 30.513 49.01 49.603 67.15 554.902 627.408 59.509 42.792 66.719 594.862 806.168 371.441 476.554 63.367 32.086 62.934 37.172 0 54.66 89.644 43.11 726.691 60.677 530.75 54.538 84.518 59.456 65.469 50.067 108.908 59.64 605.629 90.29
29.979 47.028 54.596 49.605 93.485 85.013 88.525 46.186 87.561 91.697 1075.913 913.348 1103.053 89.747 28.056 72.331 70.316 717.155 68.74 58.414 87.558 77.176 111.55 554.646 54.66 0 104.787 753.909 96.512 114.176 40.737 86.63 1025.75 38.961 514.479 66.543 1073.336 74.31 83.904 126.419
75.088 753.651 75.578 69.143 42.077 97.129 115.471 96.943 59.705 847.641 79.338 107.922 88.291 840.628 112.924 109.97 803.885 45.398 83.707 61.871 88.768 686.795 82.676 74.304 89.644 104.787 0 717.633 39.444 96.347 87.866 50.198 20.461 71.037 58.966 50.756 105.451 402.434 46.678 56.119
54.393 623.107 64.2 40.339 716.458 26.329 45.194 38.355 580.809 733.602 32.541 36.986 404.107 199.903 77.905 4791.964 28.017 67.922 68.987 27.254 25.736 24.337 43.573 20.778 43.11 753.909 717.633 0 39.343 570.716 4649.787 602.014 76.303 58.511 59.991 59.612 73.969 36.361 27.307 59.244
681.004 6707.455 76.233 58.371 593.076 613.984 796.959 72.986 59.619 83.596 43.558 72.741 57.092 46.415 1039.474 77.911 48.809 53.145 82.931 39.84 51.413 460.283 550.134 489.273 726.691 96.512 39.444 39.343 0 737.741 67.834 55.871 51.524 653.129 58.279 58.245 763.373 23.729 13.912 35.478
964.162 114.586 800.353 69.713 78.613 62.278 78.412 779.414 550.759 566.635 44.865 58.289 26.982 62.185 102.683 95.74 84.397 112.632 70.651 800.179 71.993 418.575 22.401 727.331 60.677 114.176 96.347 570.716 737.741 0 98.916 64.46 921.973 106.405 106.588 807.003 1261.083 800.202 69.98 63.802
31.029 287.688 65.803 45.509 89.817 54.393 58.635 301.503 83.218 95.552 780.153 64.797 86.103 558.75 57.958 38.565 31.217 56.845 79.023 28.96 51.322 60.174 89.363 26.937 530.75 40.737 87.866 4649.787 67.834 98.916 0 82.027 927.91 29.668 400.937 66.54 67.841 49.602 54.93 99.31
619.231 815.394 380.556 40.863 16.009 84.218 102.84 76.017 11.252 34.664 71.439 89.978 695.561 78.226 82.023 103.502 80.79 669.362 37.472 591.879 85.437 41.282 62.308 625.192 54.538 86.63 50.198 602.014 55.871 64.46 82.027 0 367.274 69.937 64.825 24.136 123.727 49.168 531.624 65.701
74.132 81.754 64.645 645.89 24.384 102.456 121.349 97.765 47.313 70.416 85.102 111.66 899.759 91.532 106.663 1173.394 89.313 53.643 70.678 67.635 97.319 667.299 82.928 77.959 84.518 1025.75 20.461 76.303 51.524 921.973 927.91 367.274 0 73.963 63.012 40.292 120.994 48.382 55.786 63.828
16.99 14.695 5388.946 413.757 73.163 75.986 85.1 50.657 74.612 89.301 890.859 86.946 97.018 73.104 59.101 67.374 50.472 3377.772 708.863 32.461 71.319 64.614 97.183 404.034 59.456 38.961 71.037 58.511 653.129 106.405 29.668 69.937 73.963 0 13.637 49.123 834.945 42.058 54.977 98.956
260.89 19.929 55.471 44.362 65.607 80.487 91.796 60.177 71.193 88.73 879.589 92.171 96.879 74.852 69.635 75.43 53.941 20.459 723.485 33.414 74.04 65.021 96.005 45.176 65.469 514.479 58.966 59.991 58.279 106.588 400.937 64.825 63.012 13.637 0 4446.739 84.41 35.22 50.147 92.161
41.497 61.93 25.118 29.472 26.971 84.045 100.44 66.455 31.183 47.791 80.372 91.675 81.693 79.168 66.763 95.111 73.111 49.968 361.738 48.432 83.869 46.769 76.777 538.462 50.067 66.543 50.756 59.612 58.245 807.003 66.54 24.136 40.292 49.123 4446.739 0 115.424 420.003 52.306 79.307
93.366 725.525 1247.788 101.287 128.919 71.636 71.207 85.409 126.008 145.014 84.747 83.605 101.661 64.504 1252.737 558.856 495.685 85.323 1360.189 68.858 55.952 976.969 107.461 72.58 108.908 1073.336 105.451 73.969 763.373 1261.083 67.841 123.727 120.994 834.945 84.41 115.424 0 76.276 72.261 100.626
45.209 45.759 58.928 40.963 527.637 6110.888 77.701 58.805 54.22 768.461 56.357 73.104 67.041 50.269 84.056 701.428 41.305 346.418 69.609 21.973 53.031 422.036 654.556 34.994 59.64 74.31 402.434 36.361 23.729 800.202 49.602 49.168 48.382 42.058 35.22 420.003 76.276 0 160.965 57.268
56.438 57.487 67.172 469.033 591.753 51.014 69.047 591.396 558.303 78.137 410.446 62.807 53.573 377.913 91.188 66.123 37.279 49.824 747.168 267.441 422.436 36.705 52.802 35.02 605.629 83.904 46.678 27.307 13.912 69.98 54.93 531.624 55.786 54.977 50.147 52.306 72.261 160.965 0 45.324
98.731 102.084 96.045 81.59 69.499 75.336 94.532 96.825 664.382 87.744 40.97 82.295 49.662 60.85 128.338 101.633 765.323 862.965 96.525 71.506 69.059 58.368 44.621 76.014 90.29 126.419 56.119 59.244 35.478 63.802 99.31 65.701 63.828 98.956 92.161 79.307 100.626 57.268 45.324 0
