20
2 2 2 3 3 3 3 3 3 3 3 3 3 3 1 1 1 1 1 1 
3 1 2 2 3 2 2 4 3 2 4 3 3 4 1 1 1 1 1 1
0 91.45 801.684 76.161 19.864 27.847 63.392 66.063 35.071 109.773 72.891 84.372 52.052 73.16 83.882 68.306 73.486 48.611 38.865 480.416
91.45 0 26.282 28.979 98.25 93.653 68.463 91.691 105.459 76.999 19.032 92.539 587.888 31.011 49.755 966.44 48.683 67.726 90.912 58.286
801.684 26.282 0 44.429 912.436 84.036 63.232 97.707 87.223 85.678 25.829 99.405 63.823 11.124 26.174 102.98 39.156 68.827 74.967 58.691
76.161 28.979 44.429 0 78.521 77.928 59.856 652.921 97.855 71.599 18.821 71.691 32.654 43.797 66.499 69.601 53.596 45.89 833.992 38.638
19.864 98.25 912.436 78.521 0 39.422 751.602 604.931 53.422 116.992 79.582 85.072 50.519 83.554 99.203 60.925 79.343 51.524 573.7 45.82
27.847 93.653 84.036 77.928 39.422 0 44.831 55.047 37.764 91.424 75.379 64.962 529.739 80.361 84.006 58.594 89.497 384.088 26.789 61.824
63.392 68.463 63.232 59.856 751.602 44.831 0 59.578 67.421 50.348 552.228 49.502 51.941 65.721 61.69 65.966 871.209 348.771 43.536 689.147
66.063 91.691 97.707 652.921 604.931 55.047 59.578 0 91.681 76.432 759.915 31.944 38.21 95.591 1089.957 6.577 102.954 30.992 77.746 61.767
35.071 105.459 87.223 97.855 53.422 37.764 67.421 91.681 0 11776.439 88.982 101.063 79.722 82.17 799.918 950.259 88.418 70.413 2466.412 771.296
109.773 76.999 85.678 71.599 116.992 91.424 50.348 76.432 11776.439 0 737.4 50.498 77.096 92.431 88.808 82.306 116.14 660.809 936.996 99.321
72.891 19.032 25.829 18.821 79.582 75.379 552.228 759.915 88.982 737.4 0 80.043 41.639 26.075 480.36 80.941 431.876 50.38 74.789 41.971
84.372 92.539 99.405 71.691 85.072 64.962 49.502 31.944 101.063 50.498 80.043 0 55.437 10079.039 106.591 36.674 115.882 40.807 81.124 81.907
52.052 587.888 63.823 32.654 50.519 529.739 51.941 38.21 79.722 77.096 41.639 55.437 0 60.029 79.718 41.923 65.143 21.533 672.772 267.634
73.16 31.011 11.124 43.797 83.554 80.361 65.721 95.591 82.17 92.431 26.075 10079.039 60.029 0 31.841 100.46 28.882 66.934 72.434 508.64
83.882 49.755 26.174 66.499 99.203 84.006 61.69 1089.957 799.918 88.808 480.36 106.591 79.718 31.841 0 114.774 57.705 78.317 67.341 768.93
68.306 966.44 102.98 69.601 60.925 58.594 65.966 6.577 950.259 82.306 80.941 36.674 41.923 100.46 114.774 0 106.423 36.682 82.293 64.097
73.486 48.683 39.156 53.596 79.343 89.497 871.209 102.954 88.418 116.14 431.876 115.882 65.143 28.882 57.705 106.423 0 78.162 85.661 44.672
48.611 67.726 68.827 45.89 51.524 384.088 348.771 30.992 70.413 660.809 50.38 40.807 21.533 66.934 78.317 36.682 78.162 0 53.846 441.291
38.865 90.912 74.967 833.992 573.7 26.789 43.536 77.746 2466.412 936.996 74.789 81.124 672.772 72.434 67.341 82.293 85.661 53.846 0 71.617
480.416 58.286 58.691 38.638 45.82 61.824 689.147 61.767 771.296 99.321 41.971 81.907 267.634 508.64 768.93 64.097 44.672 441.291 71.617 0
