10
2 2 3 1 1 1 1 1 1 1
4 3 4 1 1 1 1 1 1 1
0 646.015 55.739 41.56 60.448 54.067 48.509 76.024 473.095 50.171
646.015 0 62.728 31.895 9712.911 68.983 71.767 597.915 61.311 86.906
55.739 62.728 0 34.749 1086.727 459.79 95.823 78.349 64.772 99.526
41.56 31.895 34.749 0 86.904 44.366 69.83 57.413 45.596 794.343
60.448 9712.911 1086.727 86.904 0 80.818 62.4 79.663 56.311 68.961
54.067 68.983 459.79 44.366 80.818 0 95.255 45.332 2944.233 102.606
48.509 71.767 95.823 69.83 62.4 95.255 0 97.258 76.547 20.593
76.024 597.915 78.349 57.413 79.663 45.332 97.258 0 32.599 112.004
473.095 61.311 64.772 45.596 56.311 2944.233 76.547 32.599 0 87.361
50.171 86.906 99.526 794.343 68.961 102.606 20.593 112.004 87.361 0
