40
2 2 2 2 3 3 3 3 3 3 3 3 3 3 3 3 3 3 3 3 3 3 1 1 1 1 1 1 1 1 1 1 1 1 1 1 1 1 1 1 
1 3 1 2 4 4 2 3 4 3 3 4 2 3 2 4 3 4 2 2 2 4 1 1 1 1 1 1 1 1 1 1 1 1 1 1 1 1 1 1
0 51.644 56.475 71.389 59.843 663.773 69.016 68.576 44.025 61.951 67.952 72.699 37.403 65.866 40.031 50.357 81.494 76.575 74.855 76.962 434.898 845.315 38.008 523.167 100.147 53.658 76.071 704.117 912.222 95.833 80.065 101.789 61.482 57.461 79.162 79.528 88.25 65.964 115.476 90.667
51.644 0 52.606 78.816 46.931 36.314 61.43 34.947 370.899 820.521 25.134 42.703 44.367 44.936 57.029 32.802 50.953 96.38 47.938 5427.749 592.224 65.415 61.258 727.915 611 38.696 26.066 48.317 68.831 821.86 76.233 885.129 875.5 32.468 56.863 410.413 56.593 744.811 1045.937 422.665
56.475 52.606 0 89.579 916.611 487.674 12.615 82.629 428.09 868.794 70.198 88.846 733.523 79.009 856.064 43.08 57.951 106.558 91.616 66.437 60.101 57.042 8881.106 40.142 98.176 37.01 65.334 40.895 37.906 66.786 86.43 114.747 90.518 79.894 40.21 42.734 819.784 60.998 90.566 89.611
71.389 78.816 89.579 0 66.626 62.343 98.384 67.963 501.477 19.041 70.62 65.16 48.526 44.562 552.339 543.917 665.719 26.105 60.371 48.346 32.563 63.511 86.742 67.462 75.855 57.861 84.552 667.126 1047.162 68.007 19.373 43.463 28.431 67.254 77.401 101.835 57.926 39.819 73.898 96.284
59.843 46.931 916.611 66.626 0 64.509 102.52 258.305 57.627 708.713 402.357 24.959 283.862 35.331 30.769 57.543 76.711 75.792 27.076 67.67 626.653 89.613 46.519 94.459 60.965 66.676 570.85 79.371 1111.398 104.361 71.165 68.485 75.261 15.731 91.236 86.664 63.139 857.11 120.663 54.461
663.773 36.314 487.674 62.343 64.509 0 54.181 466.341 25.098 70.078 33.01 50.816 54.314 388.324 70.168 16.746 16.043 85.981 51.885 223.809 480.646 29.707 86.989 600.774 50.785 17.495 32.68 16.728 51.651 46.86 52.414 71.762 77.952 51.291 27.718 41.082 33.356 50.349 68.805 55.587
69.016 61.43 12.615 98.384 102.52 54.181 0 91.477 52.565 96.555 77.784 977.586 850.776 87.875 97.788 51.74 60.521 116.408 100.52 71.557 70.195 582.431 101.126 469.611 103.463 44.644 70.58 43.831 288.737 66.375 934.94 122.166 100.509 90.013 394.134 42.415 87.079 67.182 89.907 95.364
68.576 34.947 82.629 67.963 258.305 466.341 91.477 0 50.011 767.031 16.858 8.118 39.578 24.495 50.119 46.104 56.666 84.835 14.641 51.128 63.553 72.985 65.92 91.758 38.224 54.806 341.505 63.135 94.056 889.661 65.236 62.939 83.487 14.099 74.138 68.35 42.652 80.607 106.166 32.338
44.025 370.899 428.09 501.477 57.627 25.098 52.565 50.011 0 51.719 42.31 53.773 37.647 38.654 52.466 8.735 38.436 6950.421 54.405 341.591 260.602 41.675 696.665 422.742 66.936 12.531 48.648 29.289 62.232 550.27 47.95 73.433 57.864 48.018 40.555 547.61 49.097 37.505 75.776 69.213
61.951 820.521 868.794 19.041 708.713 70.078 96.555 767.031 51.719 0 79.337 750.224 47.588 558.265 51.224 583.42 76.843 20.126 71.312 60.71 27.236 72.121 79.994 59.358 91.084 61.08 92.944 72.627 107.76 76.022 36.394 61.642 98.288 726.675 82.881 106.284 73.043 39.067 83.399 1061.863
67.952 25.134 70.198 70.62 402.357 33.01 77.784 16.858 42.31 79.337 0 23.338 45.602 28.418 59.033 36.161 43.172 90.628 27.866 42.573 616.464 60.992 72.878 84.071 36.417 43.668 18.397 495.161 78.045 77.839 647.613 68.749 86.651 25.306 595.141 52.205 36.449 74.864 970.179 27.806
72.699 42.703 88.846 65.16 24.959 50.816 977.586 8.118 53.773 750.224 23.338 0 406.007 22.363 50.058 50.34 59.617 81.453 7.082 51.892 64.661 75.275 68.693 95.307 36.112 591.004 40.735 67.214 99.87 90.578 62.664 56.638 81.974 18.06 785.095 75.446 41.774 81.624 1062.561 36.905
37.403 44.367 733.523 48.526 283.862 54.314 850.776 39.578 37.647 47.588 45.602 406.007 0 33.615 15.859 41.466 67.873 574.175 408.337 57.352 36.318 75.229 41.437 68.267 706.806 49.427 60.93 65.108 978.211 88.108 564.635 68.051 51.167 29.58 77.103 810.041 62.112 61.858 104.76 69.503
65.866 44.936 79.009 44.562 35.331 388.324 87.875 24.495 38.654 558.265 28.418 22.363 33.615 0 463.934 36.491 46.794 64.286 19.049 33.957 45.955 58.259 71.952 78.503 38.896 44.661 4506.954 53.161 903.011 720.256 40.825 43.947 63.866 29.227 65.279 73.45 30.374 60.462 865.756 520.696
40.031 57.029 856.064 552.339 30.769 70.168 97.788 50.119 52.466 51.224 59.033 50.058 15.859 463.934 0 56.978 83.649 56.979 50.038 7234.971 46.296 904.159 33.097 77.813 82.753 64.582 747.823 80.636 112.536 102.539 66.814 75.171 52.316 384.424 92.515 95.221 76.163 729.548 118.069 80.348
50.357 32.802 43.08 543.917 57.543 16.746 51.74 46.104 8.735 583.42 36.161 50.34 41.466 36.491 56.978 0 312.073 753.902 513.791 29.539 33.895 37.828 73.592 48.537 60.473 9.189 40.859 23.91 57.947 52.919 49.496 72.582 65.138 46.158 35.695 48.165 43.174 42.453 744.984 623.803
81.494 50.953 57.951 665.719 76.711 16.043 60.521 56.666 38.436 76.843 43.172 59.617 67.873 46.794 83.649 312.073 0 91.912 59.642 19.313 57.69 204.207 102.525 67.644 492.789 29.406 405.137 18.308 50.561 370.62 52.566 70.89 85.466 63.865 246.653 46.653 29.598 531.669 57.651 61.661
76.575 96.38 106.558 26.105 75.792 85.981 116.408 84.835 6950.421 20.126 90.628 81.453 574.175 64.286 56.979 753.902 91.912 0 767.032 740.919 46.507 88.302 87.285 79.157 97.848 79.164 106.048 90.238 1267.638 915.642 44.705 59.1 20.039 810.055 100.863 123.534 82.62 57.485 95.464 115.779
74.855 47.938 91.616 60.371 27.076 51.885 100.52 14.641 54.405 71.312 27.866 7.082 408.337 19.049 50.038 513.791 59.642 767.032 0 49.908 63.093 74.295 716.463 95.447 34.755 60.033 45.404 67.906 102.239 88.862 57.775 49.727 78.538 23.027 794.401 796.984 39.299 79.428 103.229 42.395
76.962 5427.749 66.437 48.346 67.67 223.809 71.557 51.128 341.591 60.71 42.573 51.892 57.352 33.957 7234.971 29.539 19.313 740.919 49.908 0 46.141 255.688 96.135 65.893 454.423 30.861 478.959 28.584 66.875 39.028 338.151 532.66 69.938 57.695 38.558 62.332 21.205 43.695 55.127 65.195
434.898 592.224 60.101 32.563 626.653 480.646 70.195 63.553 260.602 27.236 616.464 64.661 36.318 45.955 46.296 33.895 57.69 46.507 63.093 46.141 0 54.548 69.615 39.058 810.302 35.852 72.213 496.827 82.836 62.217 39.223 690.36 32.285 59.238 60.007 805.133 618.235 27.022 77.041 89.424
845.315 65.415 57.042 63.511 89.613 29.707 582.431 72.985 41.675 72.121 60.992 75.275 75.229 58.259 904.159 37.828 204.207 88.302 74.295 255.688 54.548 0 110.907 57.788 66.34 32.31 59.868 19.466 48.992 17.327 49.139 75.431 80.333 783.23 21.314 584.023 43.25 40.78 402.802 81.741
38.008 61.258 8881.106 86.742 46.519 86.989 101.126 65.92 696.665 79.994 72.878 68.693 41.437 71.952 33.097 73.592 102.525 87.285 716.463 96.135 69.615 110.907 0 89.481 103.529 8024.97 84.3 96.725 1202.537 1243.646 973.342 1066.605 79.195 51.827 107.03 989.286 999.696 95.967 143.153 883.791
523.167 727.915 40.142 67.462 94.459 600.774 469.611 91.758 422.742 59.358 84.071 95.307 68.267 78.503 77.813 48.537 67.644 79.157 95.447 65.893 39.058 57.788 89.481 0 1071.37 43.024 87.076 51.208 65.909 60.782 69.256 103.794 60.814 875.053 54.368 77.142 85.863 34.429 78.111 1098.98
100.147 611 98.176 75.855 60.965 50.785 103.463 38.224 66.936 91.084 36.417 36.112 706.806 38.896 82.753 60.473 492.789 97.848 34.755 454.423 810.302 66.34 103.529 1071.37 0 66.12 425.129 64.957 95.265 79.911 64.139 53.094 100.077 52.081 73.256 75.44 248.598 873.712 91.934 39.029
53.658 38.696 37.01 57.861 66.676 17.495 44.644 54.806 12.531 61.08 43.668 591.004 49.427 44.661 64.582 9.189 29.406 79.164 60.033 30.861 35.852 32.31 8024.97 43.024 66.12 0 455.215 17.211 50.469 467.198 518.828 77.903 67.695 55.197 28.14 460.165 47.192 39.01 69.395 68.678
76.071 26.066 65.334 84.552 570.85 32.68 70.58 341.505 48.648 92.944 18.397 40.735 60.93 4506.954 747.823 40.859 405.137 106.048 45.404 478.959 72.213 59.868 84.3 87.076 425.129 455.215 0 466.45 66.868 77.089 76.406 829.285 100.331 41.554 53.544 37.406 42.978 81.494 97.972 255.053
704.117 48.317 40.895 667.126 79.371 16.728 43.831 63.135 29.289 72.627 495.161 67.214 65.108 53.161 80.636 23.91 18.308 90.238 67.906 28.584 496.827 19.466 96.725 51.208 64.957 17.211 466.45 0 39.546 351.218 56.122 81.366 800.332 66.701 12.493 41.791 44.93 442.214 59.235 70.872
912.222 68.831 37.906 1047.162 1111.398 51.651 288.737 94.056 62.232 107.76 78.045 99.87 978.211 903.011 112.536 57.947 50.561 1267.638 102.239 66.875 82.836 48.992 1202.537 65.909 95.265 50.469 66.868 39.546 0 56.14 94.607 120.137 113.73 968.853 28.956 36.3 79.708 74.376 78.763 914.092
95.833 821.86 66.786 68.007 104.361 46.86 66.375 889.661 550.27 76.022 77.839 90.578 88.108 720.256 102.539 52.919 370.62 915.642 88.862 39.028 62.217 17.327 1243.646 60.782 79.911 467.198 77.089 351.218 56.14 0 532.844 81.76 838.007 940.942 333.292 73.057 56.237 41.454 24.767 985.368
80.065 76.233 86.43 19.373 71.165 52.414 934.94 65.236 47.95 36.394 647.613 62.664 564.635 40.825 66.814 49.496 52.566 44.705 57.775 338.151 39.223 49.139 973.342 69.256 64.139 518.828 76.406 56.122 94.607 532.844 0 36.798 46.119 68.26 65.989 93.334 43.537 37.475 583.758 89.184
101.789 885.129 114.747 43.463 68.485 71.762 122.166 62.939 73.433 61.642 68.749 56.638 68.051 43.947 75.171 72.582 70.89 59.1 49.727 532.66 690.36 75.431 1066.605 103.794 53.094 77.903 829.285 81.366 120.137 81.76 36.798 0 70.106 69.355 91.705 110.76 46.076 73.975 8375.328 852.195
61.482 875.5 90.518 28.431 75.261 77.952 100.509 83.487 57.864 98.288 86.651 81.974 51.167 63.866 52.316 65.138 85.466 20.039 78.538 69.938 32.285 80.333 79.195 60.814 100.077 67.695 100.331 800.332 113.73 838.007 46.119 70.106 0 781.514 90.018 112.598 824.939 448.917 91.029 1134.961
57.461 32.468 79.894 67.254 15.731 51.291 90.013 14.099 48.018 726.675 25.306 18.06 29.58 29.227 384.424 46.158 63.865 810.055 23.027 57.695 59.238 783.23 51.827 875.053 52.081 55.197 41.554 66.701 968.853 940.942 68.26 69.355 781.514 0 78.065 71.294 53.41 799.344 112.107 42.02
79.162 56.863 40.21 77.401 91.236 27.718 394.134 74.138 40.555 82.881 595.141 785.095 77.103 65.279 92.515 35.695 246.653 100.863 794.401 38.558 60.007 21.314 107.03 54.368 73.256 28.14 53.544 12.493 28.956 333.292 65.989 91.705 90.018 78.065 0 40.413 539.043 507.985 578.927 78.227
79.528 410.413 42.734 101.835 86.664 41.082 42.415 68.35 547.61 106.284 52.205 75.446 810.041 73.45 95.221 48.165 46.653 123.534 796.984 62.332 805.133 584.023 989.286 77.142 75.44 460.165 37.406 41.791 36.3 73.057 93.334 110.76 112.598 71.294 40.413 0 6776.85 83.125 97.063 59.761
88.25 56.593 819.784 57.926 63.139 33.356 87.079 42.652 49.097 73.043 36.449 41.774 62.112 30.374 76.163 43.174 29.598 82.62 39.299 21.205 618.235 43.25 999.696 85.863 248.598 47.192 42.978 44.93 79.708 56.237 43.537 46.076 824.939 53.41 539.043 6776.85 0 63.76 689.276 52.76
65.964 744.811 60.998 39.819 857.11 50.349 67.182 80.607 37.505 39.067 74.864 81.624 61.858 60.462 729.548 42.453 531.669 57.485 79.428 43.695 27.022 40.78 95.967 34.429 873.712 39.01 81.494 442.214 74.376 41.454 37.475 73.975 448.917 799.344 507.985 83.125 63.76 0 53.39 1017.887
115.476 1045.937 90.566 73.898 120.663 68.805 89.907 106.166 75.776 83.399 970.179 1062.561 104.76 865.756 118.069 744.984 57.651 95.464 103.229 55.127 77.041 402.802 143.153 78.111 91.934 69.395 97.972 59.235 78.763 24.767 583.758 8375.328 91.029 112.107 578.927 97.063 689.276 53.39 0 117.036
90.667 422.665 89.611 96.284 54.461 55.587 95.364 32.338 69.213 1061.863 27.806 36.905 69.503 520.696 80.348 623.803 61.661 115.779 42.395 65.195 89.424 81.741 883.791 1098.98 39.029 68.678 255.053 70.872 914.092 985.368 89.184 852.195 1134.961 42.02 78.227 59.761 52.76 1017.887 117.036 0
