40
2 2 2 2 2 2 2 3 3 3 3 3 3 3 3 3 3 3 3 1 1 1 1 1 1 1 1 1 1 1 1 1 1 1 1 1 1 1 1 1 
2 1 1 2 3 2 1 4 3 2 3 4 4 4 3 4 3 3 2 1 1 1 1 1 1 1 1 1 1 1 1 1 1 1 1 1 1 1 1 1
0 76.07 40.102 63.596 57.137 24.835 29.61 45.188 87.622 35.803 62.271 77.059 547.326 57.099 77.733 58.042 36.195 76.524 28.23 27.148 33.919 79.945 333.072 300.207 85.002 76.237 39.247 31.963 919.211 37.018 34.974 916.061 7918.519 58.785 84.996 28.704 64.138 55.545 790.94 61.44
76.07 0 673.977 476.148 44.927 75.955 1006.459 1081.505 38.49 86.452 88.468 56.797 26.725 73.421 66.485 879.248 757.313 109.96 683.679 833.591 58.717 58.451 977.439 82.337 79.871 516.731 88.452 80.597 89.929 645.164 44.08 46.721 82.15 30.072 29.274 544.306 73.155 458.047 48.403 523.659
40.102 673.977 0 63.821 30.604 37.816 44.903 44.6 67.013 28.03 300.238 517.272 5285.24 795.369 652.956 33.263 67.302 75.714 60.934 375.146 29.543 91.893 38.111 641.997 628.698 647.741 45.555 67.551 60.434 66.2 30.898 78.267 45.749 65.615 74.553 418.569 876.669 68.239 46.564 51.166
63.596 476.148 63.821 0 44.233 78.201 87.063 96.872 43.223 85.007 929.279 437.529 52.887 38.93 31.106 68.011 77.238 687.565 60.376 58.226 68.104 33.715 88.157 80 53.098 21.688 57.1 760.722 73.814 50.536 49.98 3412.796 69.118 52.536 329.82 351.906 44.289 25.088 68.327 810.778
57.137 44.927 30.604 44.233 0 59.3 71.881 74.288 364.093 57.518 535.884 26.299 430.434 73.203 44.698 44.21 775.229 77.107 673.923 52.62 43.759 745.354 67.234 78.252 46.541 396.115 56.209 78.935 50.35 66.925 31.789 49.199 39.411 55.375 46.107 40.857 79.933 55.268 28.929 54.247
24.835 75.955 37.816 78.201 59.3 0 347.407 43.969 91.962 236.974 50.094 837.592 51.083 77.996 917.959 65.687 36.79 96.456 40.184 462.97 19.691 95.293 31.642 31.911 96.129 88.289 59.052 38.299 97.739 52.427 33.631 100.786 83.334 58.743 917.244 44.732 83.207 69.534 72.862 44.276
29.61 1006.459 44.903 87.063 71.881 347.407 0 186.336 106.528 277.234 54.928 90.112 79.375 81.967 93.084 54.737 59.032 77.926 56.23 3282.406 49.057 107.327 11.292 4964.042 93.437 95.449 43.089 54.405 94.201 65.751 570.096 112.492 81.127 86.285 108.498 54.808 90.561 83.653 909.495 76.693
45.188 1081.505 44.6 96.872 74.288 43.969 186.336 0 110.218 26.168 44.904 914.514 88.088 97.233 98.053 50.689 746.337 818.252 72.721 42.713 55.2 1207.015 12.84 65.776 93.752 101.64 509.528 712.994 89.47 821.078 65.067 118.431 762.972 97.481 115.687 67.071 106.404 96.833 89.727 80.611
87.622 38.49 67.013 43.223 364.093 91.962 106.528 110.218 0 93.577 87.53 27.482 56.593 81.462 413.925 733.212 101.185 926.358 89.343 825.228 749.366 67.505 102.991 104.723 49.437 29.448 828.292 103.32 60.095 83.924 594.303 210.532 57.666 63.749 22.079 63.325 853.363 599.388 41.319 76.226
35.803 86.452 28.03 85.007 57.518 236.974 277.234 26.168 93.577 0 309.341 79.633 65.185 90.181 90.534 51.161 598.426 896.179 59.939 43.413 30.653 108.27 17.858 53.605 888.105 90.222 54.726 59.704 85.154 702.126 43.845 1042.209 70.408 76.064 98.473 54.487 97.668 829.241 69.502 54.503
62.271 88.468 300.238 929.279 535.884 50.094 54.928 44.904 87.53 309.341 0 72.23 73.464 109.042 90.813 47.779 85.861 970.228 84.718 61.633 451.752 121.168 44.096 81.7 82.442 91.063 69.463 87.285 70.542 92.74 55.185 102.464 56.053 87.993 98.833 71.061 116.941 972.032 54.82 57.899
77.059 56.797 517.272 437.529 26.299 837.592 90.112 914.514 27.482 79.633 72.23 0 64.494 79.202 27.74 48.215 998.12 70.24 86.758 64.901 69.667 761.182 8649.275 1004.619 25.191 270.464 63.191 99.989 34.909 82.912 56.344 35.993 32.029 74.03 43.218 56.708 866.437 643.183 41.512 79.455
547.326 26.725 5285.24 52.887 430.434 51.083 79.375 88.088 56.593 65.185 73.464 64.494 0 67.798 74.069 79.883 513.614 105.873 4743.553 68.598 35.27 64.81 766.168 57.593 85.671 62.392 768.519 57.169 93.342 48.473 239.221 65.441 82.165 16.063 50.321 409.013 68.479 43.359 51.101 32.429
57.099 73.421 795.369 38.93 73.203 77.996 81.967 97.233 81.462 90.181 109.042 79.202 67.798 0 62.814 84.928 63.603 72.642 45.164 57.549 76.738 33.783 87.629 65.444 83.221 59.356 57.254 58.792 103.7 31.767 62.815 71.876 972.838 61.046 679.955 386.992 12.245 27.81 99.444 9489.941
77.733 66.485 652.956 31.106 44.698 917.959 93.084 98.053 413.925 90.534 90.813 27.74 74.069 62.814 0 555.553 100.763 540.579 84.165 62.024 813.751 61.26 92.787 10120.43 24.313 16.023 5634.067 98.802 48.945 76.683 65.617 33.567 494.891 78.681 45.46 54.038 71.048 55.713 67.177 959.001
58.042 879.248 33.263 68.011 44.21 65.687 54.737 50.689 733.212 51.161 47.779 48.215 79.883 84.928 555.553 0 92.113 508.848 812.676 37.463 617.889 99.768 50.962 87.453 44.54 63.178 35.759 89.455 402.477 83.012 58.567 80.233 29.163 90.74 840.394 56.265 95.707 80.861 63.59 83.804
36.195 757.313 67.302 77.238 775.229 36.79 59.032 746.337 101.185 598.426 85.861 998.12 513.614 63.603 100.763 92.113 0 1085.535 191.023 62.394 442.239 80.411 62.07 10.958 112.911 94.3 73.313 100.158 1216.717 321.646 46.51 104.673 108.848 48.033 92.603 47.016 63.943 58.12 93.813 58.437
76.524 109.96 75.714 687.565 77.107 96.456 77.926 818.252 926.358 896.179 970.228 70.24 105.873 72.642 540.579 508.848 1085.535 0 92.151 50.544 96.541 92.306 81.634 1038.701 527.869 676.731 377.494 1022.959 665.789 87.791 87.598 87.15 66.001 110.208 95.973 68.963 84.661 83.418 103.309 121.367
28.23 683.679 60.934 60.376 673.923 40.184 56.23 72.721 89.343 59.939 84.718 86.758 4743.553 45.164 84.165 812.676 191.023 92.151 0 49.872 443.494 64.549 60.411 21.459 97.926 784.768 59.091 15.839 109.467 14.541 398.765 90.257 97.82 43.475 79.986 310.383 47.025 41.988 881.138 62.951
27.148 833.591 375.146 58.226 52.62 462.97 3282.406 42.713 825.228 43.413 61.633 64.901 68.598 57.549 62.024 37.463 62.394 50.544 49.872 0 50.129 81.539 36.51 56.553 65.464 65.934 128.307 571.474 72.995 52.215 46.433 84.61 62.182 74.352 83.603 32.936 6817.207 60.534 78.545 780.093
33.919 58.717 29.543 68.104 43.759 19.691 49.057 55.2 749.366 30.653 451.752 69.667 35.27 76.738 813.751 617.889 442.239 96.541 443.494 50.129 0 87.497 43.988 43.762 85.827 75.802 61.566 47.992 87.173 53.232 18.616 85.887 72.956 46.682 75.949 39.931 81.462 61.926 54.411 28.843
79.945 58.451 91.893 33.715 745.354 95.293 107.327 1207.015 67.505 108.27 121.168 761.182 64.81 33.783 61.26 99.768 80.411 92.306 64.549 81.539 87.497 0 1104.569 85.864 850.8 514.233 81.331 794.173 107.157 50.784 70.178 54.132 102.813 55.615 48.108 54.231 28.961 25.858 95.288 96.845
333.072 977.439 38.111 88.157 67.234 31.642 11.292 12.84 102.991 17.858 44.096 8649.275 766.168 87.629 92.787 50.962 62.07 81.634 60.411 36.51 43.988 1104.569 0 53.559 91.285 947.142 47.067 59.101 89.431 70.319 54.001 110.941 756.761 85.369 106.749 56.555 96.108 860.225 83.646 70.455
300.207 82.337 641.997 80 78.252 31.911 4964.042 65.776 104.723 53.605 81.7 1004.619 57.593 65.444 10120.43 87.453 10.958 1038.701 21.459 56.553 43.762 85.864 53.559 0 111.803 96.364 678.395 8.416 119.596 35.706 48.202 1084.271 106.526 56.302 97.702 47.256 674.818 62.948 95.685 62.08
85.002 79.871 628.698 53.098 46.541 96.129 93.437 93.752 49.437 888.105 82.442 25.191 85.671 83.221 24.313 44.54 112.911 527.869 97.926 65.464 85.827 850.8 91.285 111.803 0 36.295 59.127 111.016 26.048 93.241 735.65 49.654 31.015 93.863 62.1 66.955 92.612 76.276 64.291 100.694
76.237 516.731 647.741 21.688 396.115 88.289 95.449 101.64 29.448 90.222 91.063 270.464 62.392 59.356 16.023 63.178 94.3 676.731 784.768 65.934 75.802 514.233 947.142 96.364 36.295 0 62.999 93.645 575.176 70.47 58.523 20.282 559.443 66.119 29.557 497.264 65.481 459.635 60.255 86.727
39.247 88.452 45.555 57.1 56.209 59.052 43.089 509.528 828.292 54.726 69.463 63.191 768.519 57.254 5634.067 35.759 73.313 377.494 59.091 128.307 61.566 81.331 47.067 678.395 59.127 62.999 0 67.548 687.371 58.881 55.707 82.753 60.043 820.761 84.405 39.151 68.891 632.787 83.295 88.624
31.963 80.597 67.551 760.722 78.935 38.299 54.405 712.994 103.32 59.704 87.285 99.989 57.169 58.792 98.802 89.455 100.158 1022.959 15.839 571.474 47.992 794.173 59.101 8.416 111.016 93.645 67.548 0 120.591 29.029 49.355 105.512 108.089 538.356 94.769 44.99 60.08 57.596 97.652 65.85
919.211 89.929 60.434 73.814 50.35 97.739 94.201 89.47 60.095 85.154 70.542 34.909 93.342 103.7 48.945 402.477 1216.717 665.789 109.467 72.995 87.173 107.157 89.431 119.596 26.048 575.176 687.371 120.591 0 107.869 79.376 67.942 15.058 104.797 77.873 797.301 113.323 94.555 59.2 100.218
37.018 645.164 66.2 50.536 66.925 52.427 65.751 821.078 83.924 702.126 92.74 82.912 48.473 31.767 76.683 83.012 321.646 87.791 14.541 52.215 53.232 50.784 70.319 35.706 93.241 70.47 58.881 29.029 107.869 0 43.79 817.89 97.651 417.793 72.149 28.363 32.678 30.174 89.465 70.432
34.974 44.08 30.898 49.98 31.789 33.631 570.096 65.067 594.303 43.845 55.185 56.344 239.221 62.815 65.617 58.567 46.51 87.598 398.765 46.433 18.616 70.178 54.001 48.202 735.65 58.523 55.707 49.355 79.376 43.79 0 68.327 66.636 34.969 58.309 262.56 67.459 45.124 48.542 35.701
916.061 46.721 78.267 3412.796 49.199 100.786 112.492 118.431 210.532 1042.209 102.464 35.993 65.441 71.876 33.567 80.233 104.673 87.15 90.257 84.61 85.887 54.132 110.941 1084.271 49.654 20.282 82.753 105.512 67.942 817.89 68.327 0 67.827 68.198 18.436 64.248 75.185 53.924 61.365 90.608
7918.519 82.15 45.749 69.118 39.411 83.334 81.127 762.972 57.666 70.408 56.053 32.029 82.165 972.838 494.891 29.163 108.848 66.001 97.82 62.182 72.956 102.813 756.761 106.526 31.015 559.443 60.043 108.089 15.058 97.651 66.636 67.827 0 94.442 74.472 69.289 106.84 87.149 49.649 86.835
58.785 30.072 65.615 52.536 55.375 58.743 86.285 97.481 63.749 76.064 87.993 74.03 16.063 61.046 78.681 90.74 48.033 110.208 43.475 74.352 46.682 55.615 85.369 56.302 93.863 66.119 820.761 538.356 104.797 417.793 34.969 68.198 94.442 0 51.88 43.294 590.903 36.577 6585.291 45.027
84.996 29.274 74.553 329.82 46.107 917.244 108.498 115.687 22.079 98.473 98.833 43.218 50.321 679.955 45.46 840.394 92.603 95.973 79.986 83.603 75.949 48.108 106.749 97.702 62.1 29.557 84.405 94.769 77.873 72.149 58.309 18.436 74.472 51.88 0 578.93 69.341 44.729 56.303 77.255
28.704 544.306 418.569 351.906 40.857 44.732 54.808 67.071 63.325 54.487 71.061 56.708 409.013 386.992 54.038 56.265 47.016 68.963 310.383 32.936 39.931 54.231 56.555 47.256 66.955 497.264 39.151 44.99 797.301 28.363 262.56 64.248 69.289 43.294 578.93 0 45.91 29.853 66.642 61.279
64.138 73.155 876.669 44.289 79.933 83.207 90.561 106.404 853.363 97.668 116.941 866.437 68.479 12.245 71.048 95.707 63.943 84.661 47.025 6817.207 81.462 28.961 96.108 674.818 92.612 65.481 68.891 60.08 113.323 32.678 67.459 75.185 106.84 590.903 69.341 45.91 0 280.979 104.506 969.051
55.545 458.047 68.239 25.088 55.268 69.534 83.653 96.833 599.388 829.241 972.032 643.183 43.359 27.81 55.713 80.861 58.12 83.418 41.988 60.534 61.926 25.858 860.225 62.948 76.276 459.635 632.787 57.596 94.555 30.174 45.124 53.924 87.149 36.577 44.729 29.853 280.979 0 77.544 73.799
790.94 48.403 46.564 68.327 28.929 72.862 909.495 89.727 41.319 69.502 54.82 41.512 51.101 99.444 67.177 63.59 93.813 103.309 881.138 78.545 54.411 95.288 83.646 95.685 64.291 60.255 83.295 97.652 59.2 89.465 48.542 61.365 49.649 6585.291 56.303 66.642 104.506 77.544 0 50.584
61.44 523.659 51.166 810.778 54.247 44.276 76.693 80.611 76.226 54.503 57.899 79.455 32.429 9489.941 959.001 83.804 58.437 121.367 62.951 780.093 28.843 96.845 70.455 62.08 100.694 86.727 88.624 65.85 100.218 70.432 35.701 90.608 86.835 45.027 77.255 61.279 969.051 73.799 50.584 0
