10
2 3 3 3 3 3 3 1 1 1
3 3 2 3 3 5 4 1 1 1
0 58.82 27.441 98.184 77.972 55.517 54.692 98.34 605.544 45.303
58.82 0 391.261 105.551 874.83 85.93 44.637 91.783 81.395 88.263
27.441 391.261 0 905.102 61.714 55.594 45.63 83.671 67.211 57.288
98.184 105.551 905.102 0 76.054 49.8 70.153 26.517 63.172 67.363
77.972 874.83 61.714 76.054 0 54.45 842.635 678.856 97 75.456
55.517 85.93 55.594 49.8 54.45 0 58.52 58.8 49.153 252.16
54.692 44.637 45.63 70.153 842.635 58.52 0 640.791 39.963 59.32
98.34 91.783 83.671 26.517 678.856 58.8 640.791 0 72.712 78.891
605.544 81.395 67.211 63.172 97 49.153 39.963 72.712 0 38.962
45.303 88.263 57.288 67.363 75.456 252.16 59.32 78.891 38.962 0
